   31.602504903541590     
   38.019325595522631     
   26.195873271313289     
   10.893129219909437     
   9.2390569125159772     
   3.7650175091579330     
   14.351607083373983     
   10.586476314404738     
  0.73923803270126454     
   1.2864115856778218     
   5.9579529850306958     
  0.61010333079199808     
   6.4163046583018923     
   6.0620112229540108     
   1.1939234087722648     
   1.9869664426423446     
   2.0841073732414479     
   2.5661800390062646     
   2.5517855521309265     
   1.1253456220098226     
   2.0328657965444070     
  0.10874653591905040     
   2.8837767482810763     
   2.0362400946417947     
  0.74073352772937340     
  0.75142039573522101     
   7.0080916601993204     
   3.5093142494856173     
  0.88150020713338406     
   1.6955779604923280     
   1.9879460178543751     
  0.44664372261547519     
   3.1895985647353231     
   2.6951861823054077     
  0.65845964309546379     
   2.4750176046617667     
  0.18952443874520108     
   1.5611324002245739     
   4.3085273825907580     
   2.2750321308033463     
  0.17478831679950260     
   4.6955156314225276E-002
  0.50418935408428756     
   1.4663819724264189     
   3.0840652546902279     
  0.20498754508284237     
  0.72321137745853270     
   3.2321978142447616     
   1.3544346146955095     
   1.1630023362885034     
  0.26503363322952023     
   2.1212402254413347     
  0.49571199233380875     
  0.76776995443936313     
  0.90743968441554823     
   1.1986808723458424     
  0.88507674816478998     
   3.3803838814281391     
  0.64614029785242344     
   2.6981457589077396     
  0.15441869634721878     
  0.61273069696135551     
  0.43046404127012539     
  0.96540487616650938     
   3.4066352176158570     
   1.8382936749649281     
   1.6364628691256735     
  0.51781115404054112     
  0.45965933118209462     
   1.0035831535513771     
  0.24754950301864231     
  0.38573559300700527     
   4.9320040437797061     
  0.12835212333473106     
  0.59534585641571680     
   9.3282320832250007E-002
   1.1803939939255996     
  0.61432312870420136     
  0.74992035115183442     
   1.4964184677302730     
   1.3165165028062793     
  0.86971494588172782     
  0.56572167013445362     
  0.16565513230280610     
  0.20063411827897154     
  0.11927420464624999     
  0.26990904401723703     
   1.0550773818971275     
  0.55049120078988134     
   2.5858538962357209     
   1.4666549472418737     
  0.40438794538903772     
   2.2998376684206825     
   1.0708399855351569     
  0.30932681925127747     
   2.0821929861026818     
  0.74176197071290528     
   1.6651374120780444     
   3.1642055881497259E-002
  0.53207750683972255     
   1.1346331567819743     
  0.33479816169216825     
   2.4975495127197851     
   2.9215988435385254E-002
  0.13710676044523942     
   1.2110477713883003     
   1.2759808919364943     
   7.3547795143037456E-002
   2.8301235978765513     
  0.90665798053042668     
  0.65609322164028350     
   1.0194066619962106     
  0.93509875851946123     
   3.4170251909113908E-002
   2.1504945563062899E-002
  0.55918545318444746     
  0.51568619570668139     
   1.4166293956570786     
  0.18097631553145943     
   2.0824400163598495     
  0.55597648300805691     
   1.2416422929640021     
  0.19733508265970720     
   9.2954618399100873E-003
  0.29224506277959739     
   1.8682133294936885     
  0.33437156197521167     
  0.99327930048584601     
  0.55393600998533710     
  0.44300006182433788     
  0.60232257941635881     
  0.88960329826880202     
  0.76085650636351654     
  0.58906303033351692     
   4.7636273030192959E-002
   1.7212425448414510     
  0.38754062494365593     
  0.95424382299288713     
  0.62585771008151525     
   8.0402932598974252E-004
  0.40165575378149426     
  0.55588999413106410     
  0.42875366078268118     
  0.97881183186125875     
  0.38919761020642335     
  0.72658566835596605     
  0.91729754583605205     
   1.4458145476814310     
  0.59514858688823469     
  0.43200938361557661     
   4.6552818851444640E-002
   1.1335208574760889     
   8.6745411629278082E-002
  0.22384168231932641     
   3.8977532352291393E-002
   1.2470155855519196     
  0.26420987312216138     
  0.22499967113237471     
  0.32906397217032812     
  0.20503545672349607     
  0.11814301653209015     
  0.50146231987852452     
  0.19223467095571989     
  0.34669923579595630     
   2.0101794203366583     
  0.83640956113026454     
  0.33518464355457056     
   1.1184868730003701     
   2.5153434560627992     
  0.23271519759869796     
  0.81583676665105975     
  0.99466804468516612     
   1.5345217118705970E-002
  0.94668788863944908     
  0.46265424241731717     
  0.30381506831429450     
  0.22946363334677822     
  0.78563348728328974     
  0.19597179218349411     
  0.15780818109805173     
   1.2996575057022337     
  0.21111796849096415     
  0.27087401683038725     
   1.9857515710817040E-002
  0.52979039014400486     
  0.14962375764026345     
  0.26607734142077011     
  0.45498365481829345     
  0.83352219359591162     
   2.3390642619972195     
   1.4401610999125647     
   7.4243461462198859E-002
  0.26314389438517916     
   1.3462263608845109     
   2.1520050941446225E-002
  0.81339877544733741     
  0.35553947751940379     
  0.38550137350899855     
   1.2470890503015826     
   1.1275177035991251     
  0.72852414803424770     
   1.2807206127525335     
  0.13237959767452773     
  0.45202310330529322     
   1.0198288742955754     
  0.49753028038251385     
   2.2669913806499836E-002
   5.7756365300563765E-002
  0.74467633975060199     
   4.8258525369599216E-002
   9.9792451829744930E-002
  0.16400124943968936     
  0.23905016673524335     
  0.28555441715253921     
  0.17706415322733574     
  0.80212813650460901     
  0.33521986136565762     
   8.9420031301442396E-003
  0.53683806739009798     
  0.67821720205212144     
  0.49887425162269450     
  0.21794615659948197     
   4.5336344199068852E-002
  0.28231110566790768     
  0.69960680844107570     
   9.1951577355398204E-002
  0.52596782164558420     
   1.0063236770007744     
  0.49314295157207050     
  0.30153405156524754     
  0.16290230799247776     
  0.82945442254614743     
  0.74195200187376253     
  0.59056040295638434     
   7.5499646107395832E-002
  0.47151545769842196     
  0.65091622019523110     
  0.48815554374344527     
   3.1758823721818721E-002
  0.56590523897081169     
  0.26497340861007540     
  0.18975866780411954     
  0.21072852503796602     
  0.13732131526293459     
   3.3573633884128956E-002
  0.13978454227763423     
  0.11925389547102827     
  0.21604993924382801     
   1.1364546815062322     
  0.15331160936075611     
  0.37636306230697297     
   1.3332001027079439     
   3.2361210834650246E-002
  0.15577906256733173     
   8.0580684314722414E-002
  0.57860570175353265     
   7.7728787565628954E-002
  0.29872000412796679     
  0.98098338449575262     
  0.58678852251507585     
  0.10844389851411165     
  0.53285584917853335     
   1.2585012470757984     
  0.39928078381374482     
  0.19430823003282854     
  0.27473000507255563     
   9.5221936784005094E-003
   1.6807409127556020E-002
  0.50298197806710720     
  0.20808874924056317     
  0.38317834378171600     
  0.16695514980274342     
  0.14075329522174901     
  0.79449067615006808     
  0.42773315330878886     
  0.63810163418844557     
   1.8201904905460520     
  0.32066781551691187     
   2.8794864649291606E-002
  0.46802607132562885     
  0.21699628942498966     
  0.26327266155830603     
  0.22232571983845742     
  0.32376984825110489     
  0.66592405637849217     
  0.29661896719461195     
  0.12590553056019568     
   2.2619488917473376E-003
   5.2114225949777590E-002
  0.22287470375796029     
  0.22141057426436345     
  0.69145666224857538     
   4.9461376865105801E-002
   1.1662753329909092     
  0.11121847362028800     
  0.36644116157314133     
  0.30171362932350865     
   9.3621287701720499E-002
  0.36677323249376464     
   6.3740934205466115E-002
   9.8504363365556156E-003
   8.5624634259218541E-002
   1.1083423112629383     
  0.97564055855199006     
  0.83609254041192571     
  0.19426455554683808     
  0.31095062043736016     
  0.52802597467693391     
  0.95782923743633752     
  0.93382365856837313     
  0.57204999033966664     
  0.19594757961045542     
  0.31869465324215035     
  0.18209448044978693     
  0.69802471440273828     
   4.1081849236926087E-002
  0.13933649273563470     
  0.15686145342780297     
  0.22480738836774761     
  0.35528165447547594     
  0.25699216896738747     
  0.13745620536007369     
  0.14229766553265635     
   4.4844815300288186E-002
   8.1049282180275808E-002
  0.48552551834320534     
  0.98707613756087242     
  0.62307531719081499     
  0.34949794230008313     
  0.23574512494825309     
   5.5499710912692596E-002
   2.4113945813801264E-002
  0.35200095307035167     
   2.6974882244148687E-003
  0.18538933452998868     
   1.9051596800311651E-002
  0.63803238670068219     
  0.42081797820482997     
  0.18352515945337405     
  0.12023626643265359     
   1.2708630384908430E-002
  0.76301165148573780     
  0.35178751224568144     
   1.3679271121908148E-002
  0.33106034753589636     
  0.76848792294719137     
  0.18887999135342512     
  0.14982411138258883     
  0.18742661612440531     
   9.5500634234292323E-002
  0.60646920329744192     
   9.4779248305463457E-002
  0.38667115416282227     
  0.12481312287154370     
  0.21127690601260476     
  0.88763452738931026     
  0.30245679383837309     
  0.47074209538331896     
  0.14859539037788244     
  0.19892252107241704     
  0.19593443069428823     
  0.58277189269476137     
   1.1359519431824350     
   1.1775615533002055     
   3.8617940588659347E-002
  0.92915790601006687     
  0.13391926484140673     
   9.4689040384256296E-002
  0.43850797907236266     
  0.42000341492603599     
  0.61632246580351802     
  0.21271778246426457     
  0.68266707494220091     
  0.17313108563332488     
   1.0856321967010829     
  0.10247914595972325     
  0.92331317611588859     
  0.13112466884277801     
  0.10771398688028720     
   1.0625343810735403E-003
   7.6167593388303048E-002
  0.51216641361129378     
  0.45393367917327310     
   8.8888231106802589E-003
  0.55729153037436496     
   4.3124711656132965E-003
  0.46947504947458163     
  0.38300405934064502     
  0.11630030294374287     
  0.18811966820279102     
  0.14197234431275768     
  0.38697350753902338     
  0.29993414641299737     
  0.65601972732334324     
  0.10713278175154775     
   9.9637121365531253E-002
  0.36590671748698633     
  0.25920640106926240     
  0.49645022991146259     
  0.37158021346388953     
  0.33444664213122166     
  0.34107208884641133     
  0.12278470020801940     
  0.10271632457854818     
   2.4285186053857257E-003
  0.19345428890217997     
  0.36076326641857598     
  0.21365591679533005     
  0.33282216787341057     
  0.20194525386551596     
  0.73436620119657370     
  0.33877378787319928     
   1.6016591965401422E-002
  0.63638537356802072     
   1.2606276240521059     
  0.17043958511591936     
  0.19112149246582150     
   6.8511169391566124E-002
  0.38452714734918753     
   1.3739988663751802E-002
  0.50879630087618088     
   9.5848971563213883E-002
  0.45196934705435610     
  0.71027588689170873     
  0.17028203635811057     
  0.15761059419397683     
  0.48117641465868860     
   1.3093067681059433E-002
  0.25386781956335136     
  0.14561629580319524     
   5.4008229396085461E-002
  0.44092159847132784     
  0.26916267111879844     
  0.99213978872294861     
   3.0962753589250443E-002
  0.36402870665880915     
  0.17165081403572036     
  0.81455939183332793     
  0.23799371891182292     
  0.23559183001413728     
  0.16773850727125222     
   2.3640755490314583E-002
  0.10696802801619766     
   5.0881153939460418E-002
  0.77319354044803468     
  0.90232213535367878     
  0.48658906999843549     
   1.0009459294450542     
  0.67174351152866041     
  0.36394809413524826     
  0.12408317281766065     
  0.11240475953163782     
  0.45709621267718503     
   1.0872904338480684     
  0.11020615030387887     
  0.60659310902826358     
  0.39528469238162539     
   1.5852340357989652     
  0.55500708015502775     
  0.28993568693540056     
  0.16432641309707394     
   5.1036537904166901E-003
  0.10043852779449339     
   1.6710579688588234     
  0.23259181678669910     
   4.0196539803716548E-002
  0.21571977227525577     
  0.16570971240870702     
  0.11921974500904797     
  0.24763473761863797     
  0.16691267532641588     
  0.37464887709260775     
   7.3251551595478984E-002
  0.60925590093034920     
   3.8651801777765865E-002
   1.3843040381615577     
   2.6708484106849902E-002
  0.54694067074549246     
  0.17109754456018020     
  0.96919725406448232     
  0.23844565273330887     
  0.33289553864668275     
   1.9407704235904467E-002
  0.16613911800865586     
  0.44845022273442386     
   8.8007708577076849E-002
  0.55721346969199559     
  0.35612246014855220     
  0.46758354276455166     
  0.32377066667061977     
  0.77196253394593028     
  0.79152238902715022     
   8.9596020953826329E-003
   1.9363699032642158E-002
   6.5631257037172958E-002
   9.2983613024591766E-002
  0.23514375950198635     
  0.40510675376594091     
  0.37632879375178629     
  0.42526520754715463     
  0.22651328589799966     
  0.65086790741054845     
  0.13822912951490002     
   1.1312198828082738     
  0.60998380438720645     
   3.6674270426109823E-002
  0.49423098599578102     
  0.24551169670803563     
  0.27499122843067969     
   1.3999353032330888     
  0.26700547200325986     
  0.40913897409971234     
  0.10332066624002946     
  0.58487606228023514     
  0.86911252589318744     
  0.18996304090945024     
  0.42536906028912569     
   7.5967851725797661E-002
  0.21115024968628421     
  0.24915305778166946     
  0.19253742672458693     
  0.74406819450096928     
  0.69326817979664956     
  0.89225192741054360     
  0.55873408215876885     
  0.44451353480493772     
  0.23258561363520405     
   1.0309253299170980     
  0.41190074960143092     
  0.46947900588165670     
  0.20558080288701405     
   6.6039372480088662E-002
  0.21094047952550557     
  0.17934939889531143     
  0.16951571766268542     
   1.9269535265142579E-002
  0.46951694908405772     
  0.37787499460944507     
  0.17767586991952558     
  0.11885314218828288     
  0.32703512148166430     
  0.20456444917164018     
   9.9112409074476132E-002
  0.53681350781477666     
  0.28600002870496422     
  0.12777258066658503     
  0.19475265198879238     
  0.75952979475000260     
   1.0431955624070965     
  0.38457250830151252     
   1.9945985717110207E-003
  0.25287058671004992     
  0.58528695753152893     
  0.45907037245199328     
  0.11577554938926740     
   8.9397480426042286E-002
  0.83643821080272895     
   1.7833205864189550     
  0.27565310464526310     
   9.7497776703007188E-002
   1.9105404340132078E-002
  0.50868430503583073     
   1.1470737278047294E-003
  0.30956095466995853     
  0.46488517521886819     
  0.60604965008374045     
  0.48749594319330047     
  0.36378308227068867     
   5.3272723806709443E-002
  0.42681252483738880     
   1.1616641618640355     
  0.23064801271211810     
  0.51420501361365611     
  0.22362481318156752     
   1.0376309818542313     
  0.61334490452817170     
   5.4734797084791016E-002
   4.4098506370763270E-002
  0.30401607370237038     
  0.16976886064700464     
   3.9927186764929373E-003
   2.6259864106785911E-002
  0.63857392948990066     
   1.5107910659270196     
  0.51248843273930478     
  0.66182670814051925     
  0.43489778179348859     
  0.43574393937738870     
  0.46708567797307476     
  0.21885864896783971     
   8.3962686916210560E-002
  0.32676698015558936     
  0.40335903658058236     
  0.30698260839385288     
   1.2063821314590342     
   5.4009980434251939E-002
  0.11436567344924686     
   1.3243627299368113     
  0.11211396213293418     
  0.29050418922956261     
   3.9196808038608213E-002
  0.66265828802968307     
  0.34468060218042940     
  0.13087964787720843     
  0.27096842367574636     
   1.6501168213957342     
  0.12419052148942694     
   5.9889784494817806E-003
   2.9190798568606808E-002
  0.17351392300919707     
  0.10675600360517741     
  0.37107828610860855     
   1.4612316582021827     
   7.1000981050524700E-002
  0.44196722323807541     
  0.35169067414083649     
  0.92192981967899235     
  0.57145693955482402     
  0.21710272167225814     
  0.13652281498927807     
  0.29554841735065002     
  0.23250002905193784     
  0.68718492703058653     
  0.50210402412205124     
   8.0166590803268916E-003
   1.2251950999454340     
  0.11200430007153230     
  0.30621366388837035     
   1.4526625728139704     
  0.20919911570958555     
  0.53091601686716539     
  0.36900684008483570     
  0.34355509842995080     
   2.3024928043565207E-002
  0.68660874249103288     
  0.62870716650842207     
   1.1290921397342623E-002
  0.42970559831525007     
  0.67407020161565123     
  0.32819777811600731     
  0.17972107247157418     
  0.44232792233527884     
  0.66856852646237630     
  0.65692131820931488     
  0.54053207944616544     
  0.45509401677710698     
   1.2386820117932675     
  0.27455877358431413     
   9.8010894698866896E-002
  0.26840120392843747     
  0.54229404264769143     
  0.77211872834864437     
  0.45186610546563594     
  0.64114722007167113     
  0.89187026181585649     
  0.62947178440211626     
  0.18701818358268066     
   6.8285459331262496E-002
  0.10705188467920054     
  0.60616600721551095     
  0.89178758356428967     
  0.19984725437726097     
  0.35446180518588349     
  0.18317817620364640     
   4.9194287457830277E-002
  0.37574359557699949     
  0.21915485232133963     
  0.22727464263857344     
  0.15172638718936360     
  0.75923958322137131     
  0.11860803824909427     
   9.1686461474409953E-002
  0.43176743573746912     
  0.22807723867820345     
   2.7606281284192222E-002
   9.1929247111383477E-002
  0.75205463167742914     
  0.40999408451940594     
   1.4461604303090141E-002
  0.16372296059256869     
   2.6030877827359238E-003
  0.16877894258200030     
  0.18526927244129596     
  0.23107604664481329     
  0.55293162267366291     
  0.10521422413239515     
  0.37426626663717005     
   1.1258814883921577     
  0.27424700461603535     
  0.43319535602261566     
   1.6521819562940310     
  0.67239648114677975     
  0.10126986325904302     
  0.43461493775403320     
  0.27572153974762098     
  0.24889468658816971     
  0.17608436943916617     
   1.0168455689091795     
  0.12915770429495391     
  0.48395809812861368     
  0.16250042535953124     
  0.69557262868770897     
   7.6883814787041593E-002
   8.6648856959299192E-002
  0.17885142063912401     
  0.17353344187675895     
  0.79527949544157939     
  0.24723336268780624     
   9.7650805438166580E-002
  0.16634699065957478     
   8.0991461007726886E-003
   4.1972922711136527E-002
  0.24433023484436148     
  0.43349387268198453     
  0.27122675419366427     
  0.40696454744299082     
  0.51244126114422528     
  0.26101020375210360     
  0.10194734463694638     
   6.5755171900215750E-002
   9.9975426287322533E-002
  0.23946959515225014     
   1.6014522978513490     
  0.42589971469595522     
   1.2830733944962376     
  0.72354145427373651     
  0.13726729851282396     
   2.3958155792407747     
   5.0110274084566662E-002
   7.6576254477623160E-002
  0.39598349891173290     
  0.56584938068237245     
  0.17024814763403814     
  0.40504364566112894     
  0.22124631439442718     
  0.12580162120153712     
  0.94136738550544696     
   9.8234608952242480E-002
  0.38371022231438967     
  0.33352365753415075     
  0.37419999425291395     
  0.56170127465993369     
  0.56573071918060436     
   1.6265684673055438     
  0.23971062497633611     
  0.36419459737150589     
  0.13781381402945847     
  0.17051115473909781     
   1.4531931551197377     
  0.28411639129435778     
  0.24796275870721840     
   7.3744688462029181E-002
  0.20967123422097259     
  0.32628398896923821     
  0.41007174623138970     
  0.45781023392984999     
  0.24847925706204008     
   4.9902242245307024E-002
   1.5382992915483402     
   8.3966668260063590E-002
  0.27579232227397027     
  0.85431065467222855     
  0.62042971978143902     
  0.97998764009060479     
  0.27304133267086678     
   3.8569938033443392E-002
  0.15902044770599499     
  0.51117756602533859     
   6.7594596198020579E-002
  0.59502714017651237     
  0.47074404651740198     
  0.40375204426072520     
  0.15143141591023998     
   9.8926144943793384E-002
  0.14897603080281124     
   8.8232806337600750E-002
  0.93117788234548138     
  0.32044954430149614     
  0.73770911717996512     
  0.77934540848204037     
  0.50653028217194374     
   1.5687683908781591     
  0.75628372092741847     
  0.48032448617767443     
  0.20203874074843317     
   6.6757381493139950E-002
   1.2322977060165754     
   1.3374471330586912     
   4.7131709067750500E-002
  0.41734561855468788     
  0.90614398605916913     
  0.35419946882939934     
  0.45369057655093975     
   1.2270661133854865     
  0.13570694941321038     
  0.82747837050115358     
  0.47449311734465494     
  0.41357241642422010     
   6.0922114869565371E-002
   1.1805548022875694     
   7.0308346401095193E-002
  0.31649079103050581     
  0.43817270594810986     
  0.29517875668274246     
   1.2060217890230285     
   2.9181495151196217     
  0.46525194033373463     
   7.6793652668578544E-002
  0.50707660808174682     
   2.0969430240822233     
  0.22139637611070770     
   5.6695315281550127E-002
   1.0148890757789031     
  0.97184208920992798     
  0.12559526943012198     
  0.21038639418669505     
  0.27260888012834039     
  0.21210280326967934     
  0.28767634658828428     
   1.9628900553864997E-002
   1.0248970643317940E-005
  0.38236377309652458     
   4.9482410392997923E-002
   2.3995680347425614E-002
  0.56466627944346670     
  0.43760265056057768     
  0.29240974055363361     
  0.36410101378317622     
  0.91247426240976093     
  0.94318890365711372     
   1.1667335096604650     
   3.7182870306884407E-002
   8.0331824301026117E-002
  0.24103336379291404     
   1.2383497374743890     
   1.4205685467411406     
   4.1263849879406136E-002
   1.7663250702297548     
   3.2064504703781326E-002
  0.48612493556093755     
  0.16537729291608980     
  0.28281909766306851     
   6.8637548914511196E-002
  0.34946709594930847     
   1.5917899749998567     
  0.44207533479639277     
  0.51512058333408006     
  0.14910609547017739     
  0.13528181861758701     
   1.2618984746349298E-002
  0.42969872965478323     
   1.1149382043606997     
  0.55169526098884691     
   1.2957360800700102     
  0.25587625303810130     
  0.20854502276468317     
   6.3178348997921657E-002
  0.93315898144406273     
   3.5948035258339506E-002
  0.68644344210832664     
   7.3229421440943271E-002
  0.57247728882020321     
  0.60821628492863644     
  0.38411895844385840     
  0.78989146916724795     
  0.44666313141691244     
  0.68518481212862214     
  0.85393265472001123     
  0.19763903806510758     
  0.54233538525031888     
  0.22108650561029800     
  0.30659318793853230     
  0.98276713384331660     
  0.31345471355234478     
  0.34839916140968724     
   1.4512462991632840     
  0.22288750018394754     
  0.52917771552413839     
  0.23555333224316416     
  0.26490484229917299     
   5.4647048891352093E-002
  0.53661320595461359     
  0.66456119372779554     
  0.14783787652028671     
  0.41130997954902848     
  0.43696327297851817     
  0.35095545753656526     
  0.86192548911678324     
   2.0293797847406587     
   1.1121601876755902     
   1.1068268455904140     
  0.95343124493538223     
  0.39806862576234781     
  0.61536183598372740     
  0.61906329479523414     
   1.6408173964033863     
   1.5431460474300429     
  0.59344783836934489     
  0.59667130851310934     
   2.3122002897820448     
   3.5772858495113628E-002
   1.3412182384455977     
  0.47876721716233384     
  0.71288878813249146     
   2.9527137011012752E-002
   1.3307604761370868     
  0.74834152747486304     
  0.76955914327644259     
  0.54862837459460501     
  0.17841938983815450     
   1.9642664362418054     
  0.56975701082668795     
  0.25495814532022382     
  0.31610067999733688     
  0.58957315074077965     
   1.0604257818313969     
   2.9184403302983397     
  0.73985559144268864     
  0.67109874101758415     
  0.63233568096574255     
  0.90450000054653268     
  0.29216370078960369     
   4.1211704574212433     
  0.96857702177377458     
   1.0474930252753776     
   3.1895009106468417     
  0.57207227262832128     
  0.14056887539461649     
  0.74769895442301115     
  0.27482704735726443     
  0.58229929164929384     
  0.12550438455916169     
  0.41806587300209680     
   6.9254634278570371E-002
   1.2981958351734664     
  0.51700316643619182     
   1.5279254546852006     
  0.15722978393408182     
  0.41518131178006268     
   4.7518098837610781E-002
   1.1571233810465129     
  0.39754307818055440     
  0.31685154053342818     
   1.2123718301123545     
   2.7724394572914570     
  0.31255291751708314     
  0.23865513045776615     
   4.0720376564765965     
  0.18791298208270438     
  0.43213090933690795     
   1.7029398021490778     
  0.13163667954620276     
  0.10049399841778305     
   2.6237571366334533     
  0.26582429427060089     
   1.4357984003950570     
   2.0443985124839243     
  0.32629418566394336     
  0.11359370783143803     
  0.77732202181936627     
   4.4458010861164183     
   1.1005193063067622     
  0.74294609260550504     
  0.87223486236348446     
   5.8510970547798777     
   5.3346719564967531     
   2.9780200161667612     
   5.8514626339562765     
   1.2426471966402763     
  0.33375768660051436     
  0.10956814367182872     
  0.89094664854848638     
   1.4264168223811868     
   2.3060403683085848     
  0.86850159409421679     
   10.993453688873847     
   5.5416865218776241     
   6.6533788993640446     
  0.98278495765937379     
   13.013508274826615     
   4.4219023040238277     
   5.2593591836872546     
   1.3683622956501167     
   1.6830734287169333     
   4.2815165084736009     
  0.79010625691516578     
   2.6875920449162516     
  0.76817724922980135     
   4.4382882824841543     
   8.9591314488882769     
   1.0783824385346554     
   10.667017294745955     
   1.9900798356627796     
   9.9824649918892270     
   11.594181383959059     
   7.9307817420067126     
   18.328482678828454     
   23.084640100629017     
   104.47543462250512     
