   6.9410811893241737     
   3.2056293258340132     
   2.4430993795232294     
   2.8890801268966215     
   2.5060196813354838     
   2.6464086495947265     
   2.4826861451882341     
   3.3537463217156089     
   3.2047243637781664     
   1.1658092035921004     
   1.5670880814942587     
   2.3544100574957842     
   1.6547531024669691     
  0.58380930196465242     
   3.8584195631312515     
   1.1886033759464421     
   1.8925186355689672     
   1.7321710900688214     
   2.2117156837555734     
   1.3468130611680771     
   1.9864192286622655     
   1.7421014848798002     
   2.1559250450796741     
   2.4913236806763890     
   1.4403541115659522     
   1.5630938785790791     
   1.3766490952478616     
   1.3876197244439616     
  0.93462025843130814     
   1.3805316575212934     
   1.3291571428388789     
   1.0046965249306457     
   2.6514889523685876     
   1.5639008837697321     
  0.89471026068009518     
  0.94987631462447752     
   1.4694146944168547     
   2.2157252326161614     
   2.3271589637456325     
  0.46358241703122727     
   1.3444381337848161     
   1.2343420540014642     
   2.5321775717211863     
  0.74312453827231084     
   1.7598556176256204     
  0.86492419146860078     
   1.8401438760728173     
   1.2213071409617553     
  0.71635282372218301     
  0.41554931620819774     
   1.9458826266507774     
   1.9625527882529639     
   1.5034677012486239     
  0.60091247965043904     
  0.81081850138507716     
   1.3370456819046233     
   1.0880619966402272     
   1.3029083304515965     
   1.2281084403385556     
   1.0408485677720023     
   1.7782275498991995     
  0.44216742234063150     
   2.5307825391082095     
   1.1989505210996187     
   1.5233672859355827     
  0.39852118790804325     
   1.3500317393021497     
   1.3200676681344898     
   1.6580987074567157     
  0.92035230508705490     
  0.77376887120328841     
   2.5289245271956440     
   1.0137111002327484     
   1.7336133352357197     
  0.67469873806152258     
  0.94362568686308312     
  0.84258412131016924     
   2.0713423760942056     
  0.87259918125915870     
  0.92482650499894836     
   1.3852491244857903     
   1.7012758545514257     
   1.1573560826533091     
  0.64482842392730189     
   1.0915346594452069     
   1.5808477668850014     
  0.57412544859562731     
  0.91087828829335904     
  0.81531805441681326     
   2.0576974262778185     
  0.65434489720556022     
   1.1477787860314415     
   1.4427518275851836     
  0.81350529133050586     
   1.1003633469909846     
  0.98871761956370596     
   1.3503753395084237     
  0.87889878560161072     
  0.54197789958091325     
  0.81977154763348659     
   2.0586560315135172     
   1.2949256319401796     
   1.0474213111261268     
  0.69251741697557390     
   1.3876567112148648     
  0.54977292203301054     
   1.8679452065343842     
  0.79586864787484057     
  0.70275657668749258     
   1.1640058030395073     
   1.2730480485358813     
  0.98831739138070773     
   1.6890285228177959     
   1.2535359043306091     
  0.71062009106834612     
  0.26489708316658739     
  0.35598419445137430     
   1.8948524469149097     
   1.9101784758961315     
  0.68497984832998748     
  0.52374351556325782     
  0.78937000206898555     
   1.2231693597978390     
  0.74394146632918645     
   1.6610148851161748     
  0.50419729014961456     
   1.1869910045291319     
   1.1456325270290530     
  0.56041244607700713     
   2.3363498768625122     
  0.46389869086078933     
  0.97761287278423137     
  0.59468283722065429     
  0.91246672583087851     
  0.85910958697753026     
  0.84823790993821535     
   1.1771354159387382     
   1.7463433754512627     
  0.27794086702731502     
  0.55395553316824109     
   1.4159472921168710     
  0.80577564049650396     
   1.8346386891871154     
  0.52652832027552554     
   1.2693574926366453     
  0.72901604601155179     
  0.85886489083082240     
   1.7909477993776133     
  0.74762783958937928     
   1.1052666983942505     
  0.11968029000918178     
   1.1859963945360390     
  0.83370676638151253     
   1.1255123960828775     
   1.0814749085849125     
  0.65184253110620727     
   1.1123447449231250     
   1.5724399727161604     
  0.38374767241104968     
  0.63106527514207200     
   1.5898171325564499     
  0.22271737038580217     
  0.69539873276515729     
   1.7400040788891105     
   1.1320537589311557     
  0.37388048819690206     
   1.4693212070619817     
  0.46174602341958737     
  0.86158516604820778     
   1.5440252681658273     
  0.58724249128010897     
   1.5356521855700793     
   1.0902306717765744     
   1.4754160826529654     
   1.1106431350746795     
  0.63502143694663660     
  0.47466445334680885     
   1.1643872403386828     
  0.33120115973168845     
  0.78927207793271092     
  0.83282999564021953     
  0.77450566722906111     
   1.0820507692333134     
  0.93200168755023938     
  0.75695047417820038     
   2.0624821886120093     
  0.84333467579763322     
  0.74630723181546144     
   1.4437575371198490     
  0.50363955105764313     
  0.95976755438357730     
   1.1582564519910632     
  0.20703079817526779     
  0.51246660469518512     
   1.0783877157971182     
   1.2519558697591555     
  0.87835105886142628     
  0.90899033953798136     
  0.47909636882843465     
   1.5366748083707091     
   1.0237284007329255     
  0.65571675111987315     
  0.42419959149791442     
   1.5440143918067353     
  0.54458965478862698     
  0.61584738687163354     
   1.0835328101411603     
  0.35627420011268912     
  0.59168150411975939     
  0.98300058049516814     
  0.16523385171519736     
   1.1482283606590462     
   1.4576607463974998     
   1.2092720424735848     
  0.91701922324857810     
   1.0977583216379574     
  0.34535824517217267     
  0.80853732757428531     
   1.1588648748992390     
   1.2091315375403073     
  0.19784182724451799     
  0.92034794986126900     
   1.0333416963327742     
  0.93353126816799958     
  0.70369361108419337     
  0.90883726185884339     
   1.0463939077762690     
   1.5662680854446673     
  0.43617013183245451     
  0.40418448929581624     
   1.2196038688482340     
  0.87572604336031112     
  0.70759366872346396     
  0.83491321200057922     
   1.3245743257609039     
  0.61231300098425678     
   1.0725570975291423     
  0.74861122742230335     
  0.77628138694040982     
  0.48379875266123551     
  0.50519278025377345     
   1.9147106254067530     
   1.1565296806001133     
   1.0999717552397907     
  0.84366942439309334     
  0.27647045929600511     
  0.42682555959391438     
   1.4085269456716696     
  0.58898735114037282     
  0.72932873370755402     
   1.1548910319609897     
  0.74270247232518194     
  0.67814286947168256     
   1.1732926291327108     
  0.67540641246426625     
  0.96591990134500050     
   1.0783408295793544     
  0.35832302285924689     
  0.52332253292778630     
   2.0496561093309609     
  0.36364827414794698     
  0.57054923204766483     
  0.97606936922638587     
  0.72709366535221243     
  0.53428771382968865     
   1.3113750335123517     
   1.2370625572616158     
  0.94112307809853823     
  0.53161405669802075     
  0.36802474633390297     
   1.0629399776123258     
  0.21015730996870610     
   1.2166279698988469     
  0.90168503802496469     
  0.86540985377326651     
   1.9817446627565889     
  0.31448665367969586     
   1.1407719702465051     
  0.57661419217869658     
   1.0124555556149468     
   1.2090957920973786     
  0.66268048907711663     
  0.42091864464089507     
  0.78239712335672440     
   1.0024607112344073     
   1.2915752302935148     
  0.61945958473995577     
  0.64917291222518658     
  0.32363997030124758     
   1.0232624360711453     
  0.69044455846934161     
  0.64935385594400619     
   1.0194849526839691     
  0.85715217592099291     
   1.2078250367962544     
  0.19596147871674846     
   1.2313618076685358     
  0.86528070780658939     
  0.25081489215436975     
   1.2647719903951460     
  0.83296103948954237     
  0.77760512376635438     
   1.1532721334626330     
   1.3020973067920634     
  0.43765470938747403     
  0.71332734237426410     
  0.87377669252544043     
  0.66966475523323443     
  0.93864545696382207     
  0.58842700211466925     
  0.71085064348172133     
   1.2540874785546625     
  0.86693394898625642     
  0.89924357863193594     
  0.74249339822623517     
  0.38237269174027494     
  0.63237608342686336     
   1.0051497034113250     
  0.92159033117989519     
   1.2477209681597154     
  0.95245980233255489     
  0.65451688459005142     
   1.0863127364621548     
  0.66905590352939681     
  0.84959575146407862     
  0.92608820981510898     
  0.82394699718284503     
  0.66667880966049076     
   1.2030128115753429     
  0.44429020933587404     
  0.87835850706958596     
  0.64475468233359645     
  0.36987661894948470     
  0.69681138437325119     
   1.2123343232654356     
  0.72056663120225195     
  0.80459114805175513     
   1.0271080734028937     
  0.61583947556065799     
   1.0231180632893200     
  0.50401227695921191     
  0.74179430173333971     
   1.3281997201516311     
  0.94290042513365468     
  0.77563530583618112     
  0.90061558317108881     
  0.89410079728440539     
  0.60096864182454968     
  0.36965483343641431     
  0.61415823026337824     
  0.59144753872017886     
  0.95609359499435753     
   1.2209495252055360     
  0.37244547017949020     
  0.97670861832599065     
   1.0193201292010807     
  0.30479127004404655     
   1.8972458775543499     
  0.26497520924223977     
   1.2971716572285497     
  0.51033259987311708     
  0.75922662326234014     
  0.62463651243732699     
  0.87905499631903239     
  0.97333781812091935     
  0.62686831881935934     
  0.94070080033329895     
  0.68360579356345530     
  0.92190461533050305     
   1.3688172852657643     
  0.81598858905392868     
  0.25837548108445341     
   1.1490671155829058     
  0.89923650426881507     
  0.54400839520838384     
  0.80068296752127865     
  0.58789214219261243     
  0.73735783989040160     
   1.1191799520328440     
  0.98240034175490432     
   1.0507269262429186     
  0.40597843367133540     
  0.89211943495837542     
  0.55402035699040453     
   1.0496456997033548     
  0.85674790794264266     
  0.74690887080371560     
  0.13744551633608793     
   1.1349060816572556     
  0.80435644384045424     
  0.57621233257262772     
  0.80445657449305175     
   1.1841737557406864     
   1.2076419109672496     
  0.35224124618068847     
  0.73157156747977548     
  0.38405953614069704     
  0.88907412573280187     
  0.92474718600037231     
   1.2544310073849874     
  0.27501667600046154     
  0.79692744538255089     
   1.0172754085820817     
  0.57781800317051657     
  0.69364046280127079     
  0.85365040257705793     
  0.47479203799210212     
  0.73680014104698177     
  0.69271566904330695     
  0.67846258779229207     
   1.2033085083619408     
  0.73198304962542404     
  0.65084412776606759     
  0.68095248503599037     
   1.3018640611299928     
   1.8090623014756644     
  0.53141936678505031     
  0.65370588624840342     
  0.56593380534200488     
  0.53906980045562025     
  0.30983667541687071     
  0.91822774706456622     
  0.66547426646244157     
   1.2249074947116032     
  0.84870658132004295     
  0.51888283420344194     
  0.86005558226409495     
  0.52914770141824474     
   1.1955476201670932     
  0.36787663315044805     
   1.0135875992997307     
  0.69676615169004819     
  0.99099151034380162     
  0.95873645387865691     
  0.72468346552985496     
   1.0929537888777674     
   1.0023011886873996     
  0.58678268520106402     
  0.84392444486025420     
  0.84503221975167297     
  0.59641471898094811     
  0.28825307996894461     
  0.73485520901801671     
   1.2122965597762105     
  0.77455058240326657     
  0.66366168106034473     
  0.85656293759768598     
  0.60476856870796547     
   1.0631374681482855     
  0.68744520441583978     
   1.0699464197194686     
  0.57972355425645372     
  0.83067417963618484     
  0.74006331010437243     
   1.1262583706022213     
  0.40586108883674582     
  0.69583564630803774     
   1.5582984018733610     
  0.61508911408808997     
  0.42352308219493329     
   1.0982921416402429     
  0.82548804062477432     
   1.1957338943008748     
  0.80989784427850808     
  0.50098849077918040     
   1.0113654844818274     
  0.36035487604904703     
   1.2112796920829925     
  0.84083962172711157     
  0.50136709711255900     
  0.75515096035057028     
   1.0715108373253013     
  0.91593277197546452     
  0.47660788074306537     
  0.58367754049599674     
   1.0607996972661493     
  0.76601787458578297     
  0.74253509950226215     
   1.0964908517632834     
  0.81365067820378822     
  0.67735699576231256     
  0.36713944031149576     
  0.93412644349015372     
  0.67316006352077917     
  0.76681066065304448     
  0.30673290798304359     
   1.1805199658329388     
   1.8415525620292867     
  0.50214184842389431     
  0.97114652005123103     
  0.75376338732369141     
  0.44125616720171512     
  0.58549138800250877     
   1.1707336070124146     
   1.3940248397612518     
  0.18364886021630125     
   1.2318870810078952     
  0.61303367744827153     
  0.87032921233229410     
  0.25894024989957826     
   1.0784247707513379     
  0.98916173773591831     
  0.40408884336905015     
  0.98181267671874284     
  0.40202768736431993     
  0.42427462564857477     
  0.78662843088593004     
  0.81271615498808392     
   1.1475847447137468     
  0.18539707301489888     
  0.59931855283750746     
  0.48703403253038785     
   1.8707284134410516     
  0.18907959422118628     
   1.0074515710828467     
   1.0889225155668028     
   1.0506260843702644     
  0.51518947808629956     
  0.44147856778927780     
  0.55880326547399339     
  0.85077622422017096     
   1.3449552417760198     
  0.38897108842389971     
  0.46590382406736458     
   1.1334258722078752     
  0.97047178176482607     
  0.64861620215247129     
  0.98699830497864771     
  0.85235802861104704     
   1.0665771313017023     
  0.95445608942127258     
  0.37033755331386314     
   1.5514564991924926     
  0.72662694050252874     
  0.70584558560315247     
  0.52840107044770113     
  0.50242621437010393     
  0.48663013869200444     
  0.89614384377599832     
  0.73802910080285533     
  0.29484920038106266     
   1.2859919681084775     
  0.52625329404944465     
  0.98102504801915769     
  0.29640685768829272     
   1.2942724609216976     
   1.0905809428908864     
  0.64683045391690186     
  0.92060206770453334     
  0.42451158912914716     
  0.53564887324335642     
  0.86286831072909642     
   1.0117611045841779     
   1.2300972434211099     
  0.62809405127761131     
   1.3250170920501727     
  0.31708223497413029     
  0.76772495120162065     
  0.84135231141110078     
   1.1146317059888018     
  0.34740358315394920     
  0.51537674564481151     
   1.1666757006965918     
  0.85998958945031279     
  0.32733456381359599     
  0.63505992150908852     
   1.0648398135914749     
  0.94435790022041954     
  0.90228832731471664     
  0.98196387325677092     
  0.88207308094248082     
  0.75744226659119729     
  0.32537017908217691     
  0.28995847982322459     
   1.4553130174935343     
  0.68348238564064068     
  0.97355752556555275     
  0.87711767768674076     
  0.39881185181939893     
  0.58346864947769905     
  0.86354759326918951     
  0.47727974514135291     
  0.40848382158129398     
   1.0204737217032505     
  0.55935148171878313     
   1.3111061341753669     
   1.3402256096842831     
  0.69563404615463220     
  0.16772657869331517     
   1.1311955604715738     
  0.35775773813356992     
  0.51654786628828453     
  0.76139869217345135     
   1.2925873548221603     
   1.1040467456795193     
  0.55056897850301367     
  0.82892122937213408     
  0.81979985766072405     
   1.0885348579053211     
  0.23632487588271917     
   1.2377487911876877     
  0.42983055629541317     
  0.89207467828154785     
  0.68757458379734226     
   1.0209420424316640     
  0.73932052841268425     
  0.56633371782973163     
  0.95621555208596032     
  0.63336179754045485     
   1.0335521555216862     
  0.75069657001127943     
  0.69966874539950052     
  0.79695164281212416     
  0.18737456480072384     
   1.3959918309981760     
  0.65266972737024020     
   1.4416675778236905     
  0.58489290585140519     
   1.0777242020889413     
  0.96377009534599423     
   1.0142426181962956     
  0.63719766068316952     
  0.16759515549880882     
   1.0176921496355660     
   1.2306491427185577     
   3.7194845513778670E-002
   1.2085395187700680     
   1.0321194372623475     
  0.60355903691735879     
   1.2597119005082065     
  0.41463976263442953     
  0.62787578956437806     
  0.86621500546847219     
  0.67262288001252446     
   1.2520846562166903     
  0.23428660645148933     
   1.5746198165207494     
  0.48873334946653646     
   1.4944599726865471     
  0.33585218236974979     
  0.42910652585523318     
  0.88721046149326577     
   1.2981165003419641     
  0.36401965583999224     
  0.79059447731403443     
   1.1614757212076670     
  0.93642798291538853     
  0.70867452782862461     
   1.0718895068599288     
  0.44811111736030729     
  0.97190188890712093     
  0.72667307111872170     
  0.69652544091223922     
   1.2547342583595502     
   1.0120124226559677     
  0.52179865412670956     
  0.44504360403811538     
  0.80705194501536204     
  0.87618063175163829     
  0.34298318980371129     
  0.75109410641812113     
   1.1138114936597909     
  0.82722077477251532     
  0.55732155077397916     
   1.3193839498636191     
  0.42690274598640943     
  0.64424660312631943     
   1.0385380750913344     
  0.38276260201874140     
   1.3542078753710940     
  0.46309434026040275     
   1.0599331664571479     
  0.84890274214655381     
   1.0670467503157943     
  0.86365348971483435     
  0.76082916124398003     
  0.67868210919846794     
  0.60043971181340405     
   1.1573812518295590     
  0.81961099061780418     
  0.81014735671434890     
  0.56398948339797450     
  0.95515392260538201     
   1.6773103940053848     
  0.19937450929881051     
   1.1063130095026386     
   1.1179455668323626     
  0.75896633051191331     
  0.72055755877102368     
  0.25565665648613040     
  0.56428019307884048     
   1.2438159018846084     
  0.98665469040933007     
   1.1993022048682929     
  0.28181786646861545     
  0.51238421312136018     
   1.0678479996512868     
   1.1121096170710951     
  0.63174751447384114     
  0.74623550601466382     
  0.42786823601166085     
   1.0629202424127677     
  0.76387380837366803     
  0.49768084752363101     
   1.0094195967270945     
  0.68119821689322246     
   1.0090354762569944     
   1.0795167708674889     
  0.39248861024879478     
  0.75364456139508940     
   1.3306333757541748     
  0.60770757437928924     
   1.1261271666627102     
   1.0081769577299222     
   1.5144043229759339     
  0.32541764222808706     
  0.66456740061805575     
  0.93502760712628696     
  0.81246939054490497     
  0.21724591896503911     
   1.1339854776512015     
  0.81965000442253710     
   1.1909671060448797     
  0.77884933638004661     
  0.71750976952166090     
   1.0237120670071211     
  0.50572887874608285     
   1.3423687929699128     
  0.20530747279640357     
   1.2172191405214989     
  0.55599879764495519     
   1.0930357691077253     
  0.67020597361879819     
  0.90256425158321318     
   1.2603273278904643     
  0.20665316443154824     
   1.2394783050735410     
  0.36186247549250417     
   1.1151666536564135     
  0.54799202270651892     
  0.92662387034984195     
   1.0410551538424924     
  0.53374951708367058     
   1.0286619507621686     
  0.79039515579878938     
   1.0090948021045003     
  0.66368630966999587     
   1.0895516086967245     
  0.51344735276214559     
  0.57739386968274098     
  0.80759830338224348     
   1.5610879467384926     
  0.83025689722984664     
  0.95065471223285447     
   1.5677454920670375     
  0.72812423272713966     
  0.94253129051323870     
   1.0047821053587895     
  0.74084000165852115     
  0.64179517184282298     
  0.54477455421850485     
   1.0550457622792304     
  0.66905899877526187     
  0.86469873639171746     
  0.70136124554655421     
  0.77332633831001574     
   1.0023552339355597     
   1.3882227069587665     
  0.61036483949449405     
  0.66375937512542971     
  0.54746338639777548     
   1.0723476881682883     
  0.39086328300941697     
   1.5354091371749685     
  0.64735195086563069     
  0.87796289341584866     
  0.76027587907879912     
   1.1006967362004656     
  0.52978042203590126     
   1.1574507398153671     
  0.51460503603179275     
   1.6139779002728223     
  0.91374823675690908     
  0.62387395761130982     
   1.2016687571765610     
  0.76685890466521356     
  0.94081719408339071     
   1.3338145186734354     
  0.66806668109900891     
  0.59538609852421132     
  0.58331154067666746     
  0.90496280429366971     
   1.2089495519271580     
  0.61752775210478106     
   1.1521930943447762     
  0.69466802341378286     
  0.84800666393924162     
  0.86617279239567335     
  0.78716524653056785     
  0.56454940632388428     
   1.4336784552045094     
  0.86169027018914812     
   1.0621133537525884     
  0.58618686744851678     
   1.1729969446631998     
  0.67861891281043540     
  0.50634297244218918     
  0.92135382880566297     
   1.2636738214216789     
   1.3840567862896309     
  0.98215532443941878     
   1.2095068045918962     
  0.52028908078187153     
   1.6374193575723868     
  0.48008650443863377     
  0.36950754583078943     
   1.5809750015957469     
   1.0289625240434019     
  0.80990024473737154     
  0.49156290174229655     
   1.4008294898547631     
  0.72418892204508645     
  0.95226833300452807     
  0.85682227958105128     
  0.65796958655135451     
  0.93166387406451778     
  0.81690916576926476     
  0.91850280425432984     
   1.3254113498368751     
  0.97637134749281662     
  0.57361291604466114     
  0.52005187960924326     
   1.7260679538265058     
  0.83081593978211687     
   1.3989120502510104     
  0.40640715324654020     
  0.87533647124825886     
   1.8651694642669481     
  0.64458202061789260     
   1.1969238339849688     
  0.44001919979963167     
  0.73751399154454322     
  0.74114353291856738     
   1.5222698518700573     
  0.40200999883262728     
   1.3344114712998880     
  0.87056502762333110     
   1.1809644400045034     
   1.0619209075114326     
   1.4805659864259495     
  0.18454929289328573     
  0.60737814519298683     
   1.4166267822679417     
   1.3914430394986961     
   1.0718169971336267     
   1.4601288933131946     
   1.1661564353506781     
  0.31318802399641116     
   1.5128516763887285     
  0.72468877058485526     
  0.30466271284949559     
  0.98907745536204383     
   1.2815772485084367     
   1.1158789294776459     
  0.87433439596894602     
   1.0280828148161008     
  0.45611006056614251     
   1.1013295850801081     
  0.71208312823691045     
  0.91334414560108723     
   1.6032613613082320     
  0.74095387001672375     
   1.4704611884388263     
  0.88097884564037876     
  0.51349182324961107     
   1.3174178922360715     
  0.75115538705551277     
   1.2152547354052050     
   1.0643046874170157     
  0.66209202324638883     
   1.2720668946407965     
  0.90547672304049631     
   1.4141651768907830     
   1.2672216227206698     
  0.83236718694801803     
  0.68240325511521982     
   1.0243070523811122     
   1.2028749749641332     
   1.6063432864692742     
  0.55063736585780332     
  0.90362159326495750     
   1.0243129835213365     
   1.4536886608644799     
   1.3140709531141734     
  0.87125524800972587     
   1.1914631400080191     
   1.1605918070877246     
  0.81145158938006057     
   1.4082864616701936     
  0.94113581552632530     
   1.5241229078986045     
  0.47358507698192476     
  0.92859469761379276     
   2.6059117912324337     
  0.79714747372722494     
  0.20633602963298822     
   1.1206821550599575     
   1.5121362917782029     
   1.0570161810483503     
  0.68375656792077666     
   1.2017973138073885     
   1.4151937973647035     
  0.48598587173417152     
  0.58941958180797782     
   1.5715280729790391     
   1.2963115902912727     
  0.22767770267574641     
   1.0279951816206501     
   2.6754666863072876     
   1.1460908303409436     
  0.51899900315282654     
  0.82522111764983108     
  0.99794750211736793     
   2.4676771840987111     
  0.80468318471889044     
  0.77750591796674728     
   2.0776639846443756     
  0.47264868633633694     
   1.7290995504780506     
  0.78965298044023324     
  0.76982586245686735     
   1.4869303915658811     
   1.0541524813634191     
  0.68625404508785148     
   2.1762591370513897     
  0.79802060597033875     
   1.2439971952376538     
   1.1392496212884786     
   1.6887097243756681     
   1.6472117862685201     
   1.6051636192960108     
   1.2486969944351500     
   1.3375106176181886     
  0.31787919998972064     
   1.3167837795900739     
  0.91026031261691909     
  0.91907468806643944     
   2.6693948932016216     
   1.6277521380255884     
  0.54807802057714472     
   1.9189145592109575     
   1.1634013551423330     
  0.87970440373428216     
   1.8817614343858484     
   1.2051340790416700     
   1.0344281186148585     
  0.91523206361679443     
   2.7331486444580273     
   1.8833617104420157     
  0.78319406507043676     
   1.8374749950415448     
  0.99401947072298957     
  0.96217366301205454     
   1.7038900602349327     
   2.5224803703537262     
  0.81296368416003151     
   1.6312915401961103     
   1.5868375748749926     
   1.7099604845537484     
   1.3940366337841541     
   1.5430909361846830     
   1.9037368840613582     
   2.5311433211430963     
  0.30354211661950919     
  0.84379366206238426     
   2.1838171006398084     
   1.3373310836481724     
   2.2611524281483919     
   1.1337690430312171     
   1.5145704061980503     
   2.4156481179796168     
   2.0200147122915739     
  0.64070274592907583     
   2.1666762695764472     
   2.7143943672883433     
  0.42868829430952482     
   3.0329530001575549     
   1.6107384853683515     
   3.3099264576702345     
   1.3824024600253160     
   1.9845850124524265     
   2.0447728867617188     
   3.1996911895615372     
   4.2484822111692395     
   4.4277365304033234     
   2.5454143655239974     
   2.2054318801629882     
   2.3070326252495330     
   7.6994549330441231     
